Availability,Price,Beds,Baths,Sqft,Address,Community,URL
Move-in ready,"$489,475",2.0,2.0,1544.0,"700 Stillwater Blvd, St. Johns, FL",ELAN in Stillwater,https://www.lennar.com/new-homes/florida/jacksonville-st-augustine/st-johns/stillwater/stillwater50sroyalcollection/elan/7886610086
Move-in ready,"$360,485",2.0,2.5,1611.0,"344 Boracay Circle, St. Johns, FL",Islamorada in Beachwalk,https://www.lennar.com/new-homes/florida/jacksonville-st-augustine/st-johns/beachwalk/grand-isles/islamorada/7827610072
Move-in ready,"$360,485",2.0,2.5,1611.0,"356 Boracay Circle, St. Johns, FL",Islamorada in Beachwalk,https://www.lennar.com/new-homes/florida/jacksonville-st-augustine/st-johns/beachwalk/grand-isles/islamorada/7827610075
Move-in ready,"$536,975",4.0,2.5,2295.0,"710 Stillwater Blvd, St. Johns, FL",Sierra in Stillwater,https://www.lennar.com/new-homes/florida/jacksonville-st-augustine/st-johns/stillwater/stillwater50sroyalcollection/sierra/7886610087
Move-in ready,"$434,385",4.0,3.0,2657.0,"2750 Pointed Leaf Rd, Green Cove Springs, FL",MEDALLION in Granary Park,https://www.lennar.com/new-homes/florida/jacksonville-st-augustine/greencove-springs/granary-park/granary-park-60s/medallion/7857610011
Move-in ready,"$521,975",3.0,2.0,2124.0,"828 Stillwater Blvd, St. Johns, FL",CHARLE in Stillwater,https://www.lennar.com/new-homes/florida/jacksonville-st-augustine/st-johns/stillwater/stillwater50sroyalcollection/charle/7886610098
Move-in ready,"$566,975",4.0,3.5,2270.0,"738 Stillwater Blvd, St. Johns, FL",INDEPENDENCE in Stillwater,https://www.lennar.com/new-homes/florida/jacksonville-st-augustine/st-johns/stillwater/stillwater50sroyalcollection/independence/7886610090
Move-in ready,"$569,475",4.0,3.5,2270.0,"836 Stillwater Blvd, St. Johns, FL",INDEPENDENCE in Stillwater,https://www.lennar.com/new-homes/florida/jacksonville-st-augustine/st-johns/stillwater/stillwater50sroyalcollection/independence/7886610099
Move-in ready,"$437,885",4.0,3.0,2657.0,"2773 Crossfield Drive, Green Cove Springs, FL",MEDALLION in Granary Park,https://www.lennar.com/new-homes/florida/jacksonville-st-augustine/greencove-springs/granary-park/granary-park-60s/medallion/7857610205
Move-in ready,"$569,475",4.0,3.5,2270.0,"674 Stillwater Blvd, St. Johns, FL",INDEPENDENCE in Stillwater,https://www.lennar.com/new-homes/florida/jacksonville-st-augustine/st-johns/stillwater/stillwater50sroyalcollection/independence/7886610083
Move-in ready,"$344,885",3.0,2.0,1712.0,"2904 Crossfield Drive, Green Cove Springs, FL",HALLE in Granary Park,https://www.lennar.com/new-homes/florida/jacksonville-st-augustine/greencove-springs/granary-park/granary-park-50s/halle/7856610074
Move-in ready,"$431,885",4.0,3.0,2657.0,"2764 Crossfield Drive, Green Cove Springs, FL",MEDALLION in Granary Park,https://www.lennar.com/new-homes/florida/jacksonville-st-augustine/greencove-springs/granary-park/granary-park-60s/medallion/7857610019
Move-in ready,"$431,885",4.0,3.0,2657.0,"2865 Brambleton Pl, Green Cove Springs, FL",MEDALLION in Granary Park,https://www.lennar.com/new-homes/florida/jacksonville-st-augustine/greencove-springs/granary-park/granary-park-60s/medallion/7857610027
Move-in ready,"$444,880",4.0,3.0,2657.0,"2724 White Cedar Ln, Green Cove Springs, FL",MEDALLION in Granary Park,https://www.lennar.com/new-homes/florida/jacksonville-st-augustine/greencove-springs/granary-park/granary-park-60s/medallion/7857610023
Move-in ready,"$402,880",3.0,2.0,2268.0,"2861 Brambleton Pl, Green Cove Springs, FL",PRINCETON in Granary Park,https://www.lennar.com/new-homes/florida/jacksonville-st-augustine/greencove-springs/granary-park/granary-park-60s/princeton/7857610028
Move-in ready,"$395,885",4.0,3.0,2267.0,"2730 White Cedar Ln, Green Cove Springs, FL",TIVOLI in Granary Park,https://www.lennar.com/new-homes/florida/jacksonville-st-augustine/greencove-springs/granary-park/granary-park-60s/tivoli/7857610024
Move-in ready,"$543,480",4.0,2.5,2358.0,"60 Varner Way, St Augustine, FL",BRIO in SilverLeaf,https://www.lennar.com/new-homes/florida/jacksonville-st-augustine/st-augustine/silverleaf/silver-landing-53s/brio/7842610452
Move-in ready,"$381,880",3.0,2.0,2124.0,"75468 PONDSIDE LN, Yulee, FL",CHARLE in Tributary,https://www.lennar.com/new-homes/florida/jacksonville-st-augustine/yulee/tributary/lakeview-at-tributary-50s/charle/7846610357
Move-in ready,"$421,085",3.0,2.0,2268.0,"75160 PONDSIDE LN, Yulee, FL",PRINCETON in Tributary,https://www.lennar.com/new-homes/florida/jacksonville-st-augustine/yulee/tributary/lakeview-at-tributary-60s/princeton/7847610303
Move-in ready,"$424,485",4.0,3.0,2267.0,"75149 PONDSIDE LN, Yulee, FL",TIVOLI in Tributary,https://www.lennar.com/new-homes/florida/jacksonville-st-augustine/yulee/tributary/lakeview-at-tributary-60s/tivoli/7847610310
Move-in ready,"$422,980",4.0,3.0,2267.0,"85225 Sagamore Ct, Fernandina Beach, FL",Tivoli in Amelia Walk,https://www.lennar.com/new-homes/florida/jacksonville-st-augustine/fernandina-beach/amelia-walk/tivoli/7825615029
Move-in ready,"$360,485",2.0,2.5,1611.0,"374 Boracay Circle, St. Johns, FL",Islamorada in Beachwalk,https://www.lennar.com/new-homes/florida/jacksonville-st-augustine/st-johns/beachwalk/grand-isles/islamorada/7827610078
Move-in ready,"$440,385",4.0,3.0,2657.0,"2715 Crossfield Drive, Green Cove Springs, FL",MEDALLION in Granary Park,https://www.lennar.com/new-homes/florida/jacksonville-st-augustine/greencove-springs/granary-park/granary-park-60s/medallion/7857610213
Move-in ready,"$477,975",2.0,2.0,1544.0,"627 Stillwater Blvd, St. Johns, FL",ELAN in Stillwater,https://www.lennar.com/new-homes/florida/jacksonville-st-augustine/st-johns/stillwater/stillwater50sroyalcollection/elan/7886610118
Move-in ready,"$581,975",4.0,3.0,2267.0,"364 Clearview Drive, St Augustine, FL",TIVOLI in SilverLeaf,https://www.lennar.com/new-homes/florida/jacksonville-st-augustine/st-augustine/silverleaf/silver-landing-63s/tivoli/7843610448
Move-in ready,"$575,225",3.0,2.0,2268.0,"342 Clearview Drive, St Augustine, FL",PRINCETON in SilverLeaf,https://www.lennar.com/new-homes/florida/jacksonville-st-augustine/st-augustine/silverleaf/silver-landing-63s/princeton/7843610446
Move-in ready,"$353,885",3.0,2.5,1950.0,"2650 Hanberry Ln, Green Cove Springs, FL",HAILEY in Granary Park,https://www.lennar.com/new-homes/florida/jacksonville-st-augustine/greencove-springs/granary-park/granary-park-40s/hailey/7855610104
Move-in ready,"$670,975",4.0,3.0,2957.0,"313 Country Fern Drive, St Augustine, FL",LEEWARD in SilverLeaf,https://www.lennar.com/new-homes/florida/jacksonville-st-augustine/st-augustine/silverleaf/silver-landing-63s/leeward/7843610662
Move-in ready,"$575,975",3.0,2.0,2268.0,"194 Country Fern Drive, St Augustine, FL",PRINCETON in SilverLeaf,https://www.lennar.com/new-homes/florida/jacksonville-st-augustine/st-augustine/silverleaf/silver-landing-63s/princeton/7843610654
Move-in ready,"$490,475",3.0,2.0,1712.0,"677 Stillwater Blvd, St. Johns, FL",HALLE in Stillwater,https://www.lennar.com/new-homes/florida/jacksonville-st-augustine/st-johns/stillwater/stillwater50sroyalcollection/halle/7886610122
Move-in ready,"$576,875",3.0,2.0,2268.0,"239 Country Fern Drive, St Augustine, FL",PRINCETON in SilverLeaf,https://www.lennar.com/new-homes/florida/jacksonville-st-augustine/st-augustine/silverleaf/silver-landing-63s/princeton/7843610668
Move-in ready,"$692,075",5.0,4.0,3381.0,"275 Country Fern Drive, St Augustine, FL",KINGSLEY III in SilverLeaf,https://www.lennar.com/new-homes/florida/jacksonville-st-augustine/st-augustine/silverleaf/silver-landing-63s/kingsley-iii/7843610665
Move-in ready,"$576,475",3.0,2.0,2268.0,"268 Clearview Drive, St Augustine, FL",PRINCETON in SilverLeaf,https://www.lennar.com/new-homes/florida/jacksonville-st-augustine/st-augustine/silverleaf/silver-landing-63s/princeton/7843610440
Move-in ready,"$673,975",4.0,3.0,2957.0,"232 Country Fern Drive, St Augustine, FL",LEEWARD in SilverLeaf,https://www.lennar.com/new-homes/florida/jacksonville-st-augustine/st-augustine/silverleaf/silver-landing-63s/leeward/7843610657
Move-in ready,"$675,475",4.0,3.0,2957.0,"242 Clearview Drive, St Augustine, FL",LEEWARD in SilverLeaf,https://www.lennar.com/new-homes/florida/jacksonville-st-augustine/st-augustine/silverleaf/silver-landing-63s/leeward/7843610438
Move-in ready,"$552,980",4.0,3.0,2267.0,"22 Lily Landing Drive, St Augustine, FL",TIVOLI in SilverLeaf,https://www.lennar.com/new-homes/florida/jacksonville-st-augustine/st-augustine/silverleaf/silver-landing-63s/tivoli/7843610577
Move-in ready,"$581,475",4.0,3.0,2267.0,"230 Clearview Drive, St Augustine, FL",TIVOLI in SilverLeaf,https://www.lennar.com/new-homes/florida/jacksonville-st-augustine/st-augustine/silverleaf/silver-landing-63s/tivoli/7843610437
Move-in ready,"$361,885",3.0,2.0,2124.0,"2919 Crossfield Drive, Green Cove Springs, FL",CHARLE in Granary Park,https://www.lennar.com/new-homes/florida/jacksonville-st-augustine/greencove-springs/granary-park/granary-park-50s/charle/7856610184
Move-in ready,"$481,985",2.0,2.0,1503.0,"899 Stillwater Blvd, St. Johns, FL",JESSICA in Stillwater,https://www.lennar.com/new-homes/florida/jacksonville-st-augustine/st-johns/stillwater/stillwater40sroyalcollection/jessica/7885610147
Move-in ready,"$373,485",3.0,3.0,2028.0,"75404 HIDEAWAY CT, Yulee, FL",TREVI in Tributary,https://www.lennar.com/new-homes/florida/jacksonville-st-augustine/yulee/tributary/lakeview-at-tributary-50s/trevi/7846610365
Move-in ready,"$471,375",4.0,3.0,2404.0,"84738 FALL RIVER PKWY, Fernandina Beach, FL",Barton in Amelia Walk,https://www.lennar.com/new-homes/florida/jacksonville-st-augustine/fernandina-beach/amelia-walk/barton/7825615171
Move-in ready,"$461,375",3.0,3.5,2259.0,"84746 FALL RIVER PKWY, Fernandina Beach, FL",LIVE-WORK-LEARN in Amelia Walk,https://www.lennar.com/new-homes/florida/jacksonville-st-augustine/fernandina-beach/amelia-walk/live-work-learn/7825615172
Move-in ready,"$360,485",2.0,2.5,1611.0,"424 Boracay Circle, St. Johns, FL",Islamorada in Beachwalk,https://www.lennar.com/new-homes/florida/jacksonville-st-augustine/st-johns/beachwalk/grand-isles/islamorada/7827610089
Move-in ready,"$455,385",4.0,3.0,2404.0,"84986 FALL RIVER PKWY, Fernandina Beach, FL",Barton in Amelia Walk,https://www.lennar.com/new-homes/florida/jacksonville-st-augustine/fernandina-beach/amelia-walk/barton/7825615193
Move-in ready,"$336,885",3.0,2.5,1714.0,"2634 Hanberry Ln, Green Cove Springs, FL",ALEXIA in Granary Park,https://www.lennar.com/new-homes/florida/jacksonville-st-augustine/greencove-springs/granary-park/granary-park-40s/alexia/7855610100
Move-in ready,"$579,225",4.0,3.0,2267.0,"280 Clearview Drive, St Augustine, FL",TIVOLI in SilverLeaf,https://www.lennar.com/new-homes/florida/jacksonville-st-augustine/st-augustine/silverleaf/silver-landing-63s/tivoli/7843610441
Move-in ready,"$477,975",2.0,2.0,1544.0,"17 Quota Circle, St. Johns, FL",ELAN in Stillwater,https://www.lennar.com/new-homes/florida/jacksonville-st-augustine/st-johns/stillwater/stillwater50sroyalcollection/elan/7886610131
Move-in ready,"$490,475",3.0,2.0,1712.0,"16 Press Circle, St. Johns, FL",HALLE in Stillwater,https://www.lennar.com/new-homes/florida/jacksonville-st-augustine/st-johns/stillwater/stillwater50sroyalcollection/halle/7886610112
Move-in ready,"$339,885",3.0,2.0,1712.0,"2828 Crossfield Drive, Green Cove Springs, FL",HALLE in Granary Park,https://www.lennar.com/new-homes/florida/jacksonville-st-augustine/greencove-springs/granary-park/granary-park-50s/halle/7856610061
Move-in ready,"$447,385",3.0,3.5,2259.0,"85140 POPLAR BREEZE WAY, Fernandina Beach, FL",LIVE-WORK-LEARN in Amelia Walk,https://www.lennar.com/new-homes/florida/jacksonville-st-augustine/fernandina-beach/amelia-walk/live-work-learn/7825615034
Move-in ready,"$397,885",4.0,2.5,2358.0,"2899 Crossfield Drive, Green Cove Springs, FL",BRIO in Granary Park,https://www.lennar.com/new-homes/florida/jacksonville-st-augustine/greencove-springs/granary-park/granary-park-50s/brio/7856610187
Move-in ready,"$400,385",4.0,2.5,2358.0,"2857 Crossfield Drive, Green Cove Springs, FL",BRIO in Granary Park,https://www.lennar.com/new-homes/florida/jacksonville-st-augustine/greencove-springs/granary-park/granary-park-50s/brio/7856610193
Move-in ready,"$391,885",4.0,2.5,2358.0,"2854 Crossfield Drive, Green Cove Springs, FL",BRIO in Granary Park,https://www.lennar.com/new-homes/florida/jacksonville-st-augustine/greencove-springs/granary-park/granary-park-50s/brio/7856610065
Move-in ready,"$452,380",4.0,3.0,2657.0,"2789 Crossfield Drive, Green Cove Springs, FL",MEDALLION in Granary Park,https://www.lennar.com/new-homes/florida/jacksonville-st-augustine/greencove-springs/granary-park/granary-park-60s/medallion/7857610202
Move-in ready,"$400,385",3.0,2.0,2268.0,"2761 Crossfield Drive, Green Cove Springs, FL",PRINCETON in Granary Park,https://www.lennar.com/new-homes/florida/jacksonville-st-augustine/greencove-springs/granary-park/granary-park-60s/princeton/7857610206
Move-in ready,"$397,885",3.0,2.0,2268.0,"2737 Crossfield Drive, Green Cove Springs, FL",PRINCETON in Granary Park,https://www.lennar.com/new-homes/florida/jacksonville-st-augustine/greencove-springs/granary-park/granary-park-60s/princeton/7857610209
Move-in ready,"$510,480",3.0,2.0,2124.0,"214 Varner Way, St Augustine, FL",CHARLE in SilverLeaf,https://www.lennar.com/new-homes/florida/jacksonville-st-augustine/st-augustine/silverleaf/silver-landing-53s/charle/7842610469
Move-in ready,"$527,975",3.0,2.0,1712.0,"761 Stillwater Blvd, St. Johns, FL",HALLE in Stillwater,https://www.lennar.com/new-homes/florida/jacksonville-st-augustine/st-johns/stillwater/stillwater50sroyalcollection/halle/7886610129
Move-in ready,"$560,475",3.0,3.0,2028.0,"771 Stillwater Blvd, St. Johns, FL",TREVI in Stillwater,https://www.lennar.com/new-homes/florida/jacksonville-st-augustine/st-johns/stillwater/stillwater50sroyalcollection/trevi/7886610130
Move-in ready,"$600,475",4.0,3.5,2270.0,"717 Stillwater Blvd, St. Johns, FL",INDEPENDENCE in Stillwater,https://www.lennar.com/new-homes/florida/jacksonville-st-augustine/st-johns/stillwater/stillwater50sroyalcollection/independence/7886610125
Move-in ready,"$383,280",3.0,2.0,2124.0,"75554 PONDSIDE LN, Yulee, FL",CHARLE in Tributary,https://www.lennar.com/new-homes/florida/jacksonville-st-augustine/yulee/tributary/lakeview-at-tributary-50s/charle/7846610349
Under construction,"$366,480",2.0,2.5,1611.0,"440 Boracay Circle, St. Johns, FL",Islamorada in Beachwalk,https://www.lennar.com/new-homes/florida/jacksonville-st-augustine/st-johns/beachwalk/grand-isles/islamorada/7827610092
Under construction,"$366,480",2.0,2.5,1611.0,"460 Boracay Circle, St. Johns, FL",Islamorada in Beachwalk,https://www.lennar.com/new-homes/florida/jacksonville-st-augustine/st-johns/beachwalk/grand-isles/islamorada/7827610097
Under construction,"$551,730",4.0,3.5,2270.0,"273 Varner Way, St Augustine, FL",INDEPENDENCE in SilverLeaf,https://www.lennar.com/new-homes/florida/jacksonville-st-augustine/st-augustine/silverleaf/silver-landing-53s/independence/7842610516
Under construction,"$690,225",5.0,4.0,3381.0,"302 Clearview Drive, St Augustine, FL",KINGSLEY III in SilverLeaf,https://www.lennar.com/new-homes/florida/jacksonville-st-augustine/st-augustine/silverleaf/silver-landing-63s/kingsley-iii/7843610443
Under construction,"$500,980",4.0,3.0,2028.0,"247 Varner Way, St Augustine, FL",TREVI in SilverLeaf,https://www.lennar.com/new-homes/florida/jacksonville-st-augustine/st-augustine/silverleaf/silver-landing-53s/trevi/7842610519
Under construction,"$608,730",4.0,3.5,3005.0,"160 Varner Way, St Augustine, FL",ERMONT in SilverLeaf,https://www.lennar.com/new-homes/florida/jacksonville-st-augustine/st-augustine/silverleaf/silver-landing-53s/ermont/7842610463
Under construction,"$668,775",5.0,4.0,3381.0,"227 Oaklawn Ct, St Augustine, FL",KINGSLEY III in SilverLeaf,https://www.lennar.com/new-homes/florida/jacksonville-st-augustine/st-augustine/silverleaf/silver-landing-63s/kingsley-iii/7843610563
Under construction,"$393,380",4.0,3.0,2267.0,"7233 Calamint Ave, Jacksonville, FL",TIVOLI in Highland Chase,https://www.lennar.com/new-homes/florida/jacksonville-st-augustine/jacksonville/highland-chase/highland-chase-60s/tivoli/7823610426
Under construction,"$416,280",4.0,3.0,2657.0,"7224 Calamint Ave, Jacksonville, FL",MEDALLION in Highland Chase,https://www.lennar.com/new-homes/florida/jacksonville-st-augustine/jacksonville/highland-chase/highland-chase-60s/medallion/7823610431
Under construction,"$488,980",3.0,2.0,2124.0,"987 Brown Bear Run, St. Johns, FL",CHARLE in Grand Creek,https://www.lennar.com/new-homes/florida/jacksonville-st-augustine/st-johns/grand-creek/grand-creek-50s/charle/7829610162
Under construction,"$419,880",4.0,3.0,2267.0,"84714 FALL RIVER PKWY, Fernandina Beach, FL",Tivoli in Amelia Walk,https://www.lennar.com/new-homes/florida/jacksonville-st-augustine/fernandina-beach/amelia-walk/tivoli/7825615169
Under construction,"$375,885",3.0,3.0,2028.0,"75322 HIDEAWAY CT, Yulee, FL",TREVI in Tributary,https://www.lennar.com/new-homes/florida/jacksonville-st-augustine/yulee/tributary/lakeview-at-tributary-50s/trevi/7846610367
Under construction,"$425,980",3.0,2.0,2268.0,"85313 STONEHURST PKWY, Fernandina Beach, FL",Princeton in Amelia Walk,https://www.lennar.com/new-homes/florida/jacksonville-st-augustine/fernandina-beach/amelia-walk/princeton/7825615044
Under construction,"$508,480",4.0,2.5,2358.0,"971 Brown Bear Run, St. Johns, FL",BRIO in Grand Creek,https://www.lennar.com/new-homes/florida/jacksonville-st-augustine/st-johns/grand-creek/grand-creek-50s/brio/7829610164
Under construction,"$397,080",4.0,3.0,2267.0,"7236 Calamint Ave, Jacksonville, FL",TIVOLI in Highland Chase,https://www.lennar.com/new-homes/florida/jacksonville-st-augustine/jacksonville/highland-chase/highland-chase-60s/tivoli/7823610429
Under construction,"$491,980",2.0,2.5,1714.0,"891 Stillwater Blvd, St. Johns, FL",ALEXIA in Stillwater,https://www.lennar.com/new-homes/florida/jacksonville-st-augustine/st-johns/stillwater/stillwater40sroyalcollection/alexia/7885610146
Under construction,"$398,880",4.0,3.0,2657.0,"10009 Stone Creek Way, Jacksonville, FL",MEDALLION in Longleaf,https://www.lennar.com/new-homes/florida/jacksonville-st-augustine/jacksonville/longleaf/longleaf-60s/medallion/7833610031
Under construction,"$401,380",4.0,3.0,2657.0,"10016 Stone Creek Way, Jacksonville, FL",MEDALLION in Longleaf,https://www.lennar.com/new-homes/florida/jacksonville-st-augustine/jacksonville/longleaf/longleaf-60s/medallion/7833610027
Under construction,"$367,880",3.0,2.0,2268.0,"10010 Stone Creek Way, Jacksonville, FL",PRINCETON in Longleaf,https://www.lennar.com/new-homes/florida/jacksonville-st-augustine/jacksonville/longleaf/longleaf-60s/princeton/7833610028
Under construction,"$446,880",4.0,3.0,2267.0,"2241 Oconnel Drive, Ormond Beach, FL",TIVOLI in Wexford Reserve,https://www.lennar.com/new-homes/florida/jacksonville-st-augustine/ormond-beach/wexford-reserve/wexford-reserve-60s/tivoli/7853610077
Under construction,"$367,880",3.0,2.0,2268.0,"10022 Stone Creek Way, Jacksonville, FL",PRINCETON in Longleaf,https://www.lennar.com/new-homes/florida/jacksonville-st-augustine/jacksonville/longleaf/longleaf-60s/princeton/7833610026
Coming soon,Low $400K,4.0,3.0,2267.0,"84770 FALL RIVER PKWY, Fernandina Beach, FL",Tivoli in Amelia Walk,https://www.lennar.com/new-homes/florida/jacksonville-st-augustine/fernandina-beach/amelia-walk/tivoli/7825615175
Coming soon,High $300K,4.0,3.5,2260.0,", Jacksonville, FL",Chloe in Hardwick Farms,https://www.lennar.com/new-homes/florida/jacksonville-st-augustine/jacksonville/hardwick-farms/hardwick-farms-classic-collection/chloe/7849610101
Coming soon,Mid $300K,4.0,3.0,2028.0,"10442 Benson Lake Drive, Jacksonville, FL",TREVI in Longleaf,https://www.lennar.com/new-homes/florida/jacksonville-st-augustine/jacksonville/longleaf/longleaf-50s/trevi/7832610007
Coming soon,Mid $300K,3.0,2.5,1782.0,"55 Bramble Court, St Augustine, FL",Truman in Shearwater,https://www.lennar.com/new-homes/florida/jacksonville-st-augustine/st-augustine/shearwater/shearwater-townhomes/truman/7879610136
Coming soon,Mid $300K,3.0,2.5,1782.0,"52 Bramble Court, St Augustine, FL",Truman in Shearwater,https://www.lennar.com/new-homes/florida/jacksonville-st-augustine/st-augustine/shearwater/shearwater-townhomes/truman/7879610161
Coming soon,Mid $300K,3.0,2.5,1782.0,"67 Bramble Court, St Augustine, FL",Truman in Shearwater,https://www.lennar.com/new-homes/florida/jacksonville-st-augustine/st-augustine/shearwater/shearwater-townhomes/truman/7879610139
Coming soon,High $300K,3.0,2.5,1782.0,"408 Rosemont Drive, St Augustine, FL",Truman in Shearwater,https://www.lennar.com/new-homes/florida/jacksonville-st-augustine/st-augustine/shearwater/shearwater-townhomes/truman/7879610175
Coming soon,High $500K,4.0,3.0,2654.0,"135 Oaklawn Ct, St Augustine, FL",MEDALLION in SilverLeaf,https://www.lennar.com/new-homes/florida/jacksonville-st-augustine/st-augustine/silverleaf/silver-landing-63s/medallion/7843610571
Coming soon,High $300K,2.0,2.0,1522.0,"1586 Stillwater Blvd, St. Johns, FL",AURORA in Stillwater,https://www.lennar.com/new-homes/florida/jacksonville-st-augustine/st-johns/stillwater/stillwater-villas/aurora/7884610247
Coming soon,Low $400K,4.0,3.0,2028.0,"199 Field Flower Way, St Augustine, FL",TREVI in Trailmark,https://www.lennar.com/new-homes/florida/jacksonville-st-augustine/st-augustine/trailmark/trevi/7871610099
Coming soon,High $300K,3.0,2.0,1712.0,", Ormond Beach, FL",HALLE in Wexford Reserve,https://www.lennar.com/new-homes/florida/jacksonville-st-augustine/ormond-beach/wexford-reserve/wexford-reserve-50s/halle/7852610131
Coming soon,Mid $300K,3.0,2.0,1712.0,", Ormond Beach, FL",HALLE in Wexford Reserve,https://www.lennar.com/new-homes/florida/jacksonville-st-augustine/ormond-beach/wexford-reserve/wexford-reserve-50s/halle/7852610118
Coming soon,Mid $300K,4.0,3.0,2028.0,", Ormond Beach, FL",TREVI in Wexford Reserve,https://www.lennar.com/new-homes/florida/jacksonville-st-augustine/ormond-beach/wexford-reserve/wexford-reserve-50s/trevi/7852610116
Future release,From $342K,3.0,2.5,1631.0,N/A,Key West in Beachwalk,https://www.lennar.com/new-homes/florida/jacksonville-st-augustine/st-johns/beachwalk/grand-isles/key-west
Future release,From $352K,3.0,2.5,1750.0,N/A,Marquesas in Beachwalk,https://www.lennar.com/new-homes/florida/jacksonville-st-augustine/st-johns/beachwalk/grand-isles/marquesas
Future release,From $351K,3.0,2.5,1751.0,N/A,Windley in Beachwalk,https://www.lennar.com/new-homes/florida/jacksonville-st-augustine/st-johns/beachwalk/grand-isles/windley
Future release,From $394K,3.0,2.0,1891.0,N/A,TOPAZ in Stillwater,https://www.lennar.com/new-homes/florida/jacksonville-st-augustine/st-johns/stillwater/stillwater-villas/topaz
Future release,From $396K,2.0,2.0,1623.0,N/A,SIENNA in Stillwater,https://www.lennar.com/new-homes/florida/jacksonville-st-augustine/st-johns/stillwater/stillwater-villas/sienna
Future release,From $383K,3.0,2.5,1875.0,N/A,KATE in Stillwater,https://www.lennar.com/new-homes/florida/jacksonville-st-augustine/st-johns/stillwater/stillwater40sroyalcollection/kate
Future release,From $393K,3.0,2.5,1950.0,N/A,HAILEY in Stillwater,https://www.lennar.com/new-homes/florida/jacksonville-st-augustine/st-johns/stillwater/stillwater40sroyalcollection/hailey
Future release,From $346K,4.0,3.0,2028.0,N/A,TREVI in Tributary,https://www.lennar.com/new-homes/florida/jacksonville-st-augustine/yulee/tributary/tributary-classic-collection/trevi
Future release,From $344K,3.0,2.0,2124.0,N/A,CHARLE in Tributary,https://www.lennar.com/new-homes/florida/jacksonville-st-augustine/yulee/tributary/tributary-classic-collection/charle
Future release,From $361K,4.0,2.5,2295.0,N/A,SIERRA in Tributary,https://www.lennar.com/new-homes/florida/jacksonville-st-augustine/yulee/tributary/tributary-classic-collection/sierra
Future release,From $366K,4.0,2.5,2358.0,N/A,BRIO in Tributary,https://www.lennar.com/new-homes/florida/jacksonville-st-augustine/yulee/tributary/tributary-classic-collection/brio
Future release,From $415K,4.0,3.0,2267.0,N/A,TIVOLI in Tributary,https://www.lennar.com/new-homes/florida/jacksonville-st-augustine/yulee/tributary/tributary-imperial-collection/tivoli
Future release,From $425K,4.0,2.5,2512.0,N/A,SERENATA in Tributary,https://www.lennar.com/new-homes/florida/jacksonville-st-augustine/yulee/tributary/tributary-imperial-collection/serenata
Future release,From $450K,4.0,3.0,2657.0,N/A,MEDALLION in Tributary,https://www.lennar.com/new-homes/florida/jacksonville-st-augustine/yulee/tributary/tributary-imperial-collection/medallion
Future release,From $465K,4.0,3.5,3005.0,N/A,ERMONT III in Tributary,https://www.lennar.com/new-homes/florida/jacksonville-st-augustine/yulee/tributary/tributary-imperial-collection/ermont-iii
Future release,From $409K,4.0,3.0,2657.0,N/A,Medallion in Amelia Walk,https://www.lennar.com/new-homes/florida/jacksonville-st-augustine/fernandina-beach/amelia-walk/medallion
Future release,From $485K,4.0,4.0,3152.0,N/A,Medallion Bonus in Amelia Walk,https://www.lennar.com/new-homes/florida/jacksonville-st-augustine/fernandina-beach/amelia-walk/medallion-bonus
Future release,Coming Soon!,4.0,3.0,2267.0,N/A,TIVOLI in Blue Cypress Cove,https://www.lennar.com/new-homes/florida/jacksonville-st-augustine/jacksonville/blue-cypress-cove/tivoli
Future release,Coming Soon!,3.0,2.0,2268.0,N/A,PRINCETON in Blue Cypress Cove,https://www.lennar.com/new-homes/florida/jacksonville-st-augustine/jacksonville/blue-cypress-cove/princeton
Future release,Coming Soon!,4.0,3.0,2657.0,N/A,MEDALLION in Blue Cypress Cove,https://www.lennar.com/new-homes/florida/jacksonville-st-augustine/jacksonville/blue-cypress-cove/medallion
Future release,Coming Soon!,4.0,3.0,2028.0,N/A,TREVI in Blue Cypress Cove,https://www.lennar.com/new-homes/florida/jacksonville-st-augustine/jacksonville/blue-cypress-cove/trevi
Future release,Coming Soon!,3.0,2.5,1707.0,N/A,Lincoln in Crossroad at Towncenter,https://www.lennar.com/new-homes/florida/jacksonville-st-augustine/jacksonville/crossroad-at-towncenter/lincoln
Future release,Coming Soon!,3.0,2.5,1782.0,N/A,Truman in Crossroad at Towncenter,https://www.lennar.com/new-homes/florida/jacksonville-st-augustine/jacksonville/crossroad-at-towncenter/truman
Future release,From $318K,4.0,2.5,1875.0,N/A,KATE in Granary Park,https://www.lennar.com/new-homes/florida/jacksonville-st-augustine/greencove-springs/granary-park/granary-park-40s/kate
Future release,From $343K,4.0,3.0,2088.0,N/A,BOONE in Granary Park,https://www.lennar.com/new-homes/florida/jacksonville-st-augustine/greencove-springs/granary-park/granary-park-40s/boone
Future release,From $336K,4.0,3.0,2028.0,N/A,TREVI in Granary Park,https://www.lennar.com/new-homes/florida/jacksonville-st-augustine/greencove-springs/granary-park/granary-park-50s/trevi
Future release,From $350K,3.0,3.5,2259.0,N/A,LIVE-WORK-LEARN in Granary Park,https://www.lennar.com/new-homes/florida/jacksonville-st-augustine/greencove-springs/granary-park/granary-park-50s/live-work-learn
Future release,From $436K,3.0,2.0,1712.0,N/A,HALLE in Grand Creek,https://www.lennar.com/new-homes/florida/jacksonville-st-augustine/st-johns/grand-creek/grand-creek-50s/halle
Future release,From $454K,4.0,3.0,2028.0,N/A,TREVI in Grand Creek,https://www.lennar.com/new-homes/florida/jacksonville-st-augustine/st-johns/grand-creek/grand-creek-50s/trevi
Future release,From $469K,4.0,2.5,2295.0,N/A,Sierra in Grand Creek,https://www.lennar.com/new-homes/florida/jacksonville-st-augustine/st-johns/grand-creek/grand-creek-50s/sierra
Future release,From $499K,4.0,3.5,2663.0,N/A,Sierra Bonus in Grand Creek,https://www.lennar.com/new-homes/florida/jacksonville-st-augustine/st-johns/grand-creek/grand-creek-50s/sierra-bonus
Future release,From $472K,3.0,3.5,2259.0,N/A,LIVE-WORK-LEARN in Grand Creek,https://www.lennar.com/new-homes/florida/jacksonville-st-augustine/st-johns/grand-creek/grand-creek-50s/live-work-learn
Future release,From $454K,3.0,2.0,2268.0,N/A,PRINCETON in Grand Creek,https://www.lennar.com/new-homes/florida/jacksonville-st-augustine/st-johns/grand-creek/grand-creek-60s/princeton
Future release,From $459K,4.0,3.0,2267.0,N/A,TIVOLI in Grand Creek,https://www.lennar.com/new-homes/florida/jacksonville-st-augustine/st-johns/grand-creek/grand-creek-60s/tivoli
Future release,From $476K,4.0,3.0,2657.0,N/A,MEDALLION in Grand Creek,https://www.lennar.com/new-homes/florida/jacksonville-st-augustine/st-johns/grand-creek/grand-creek-60s/medallion
Future release,From $509K,4.0,4.0,3152.0,N/A,MEDALLION BONUS in Grand Creek,https://www.lennar.com/new-homes/florida/jacksonville-st-augustine/st-johns/grand-creek/grand-creek-60s/medallion-bonus
Future release,Coming Soon!,3.0,2.5,1714.0,N/A,Alexia in Hardwick Farms,https://www.lennar.com/new-homes/florida/jacksonville-st-augustine/jacksonville/hardwick-farms/hardwick-farms-classic-collection/alexia
Future release,Coming Soon!,3.0,2.5,1875.0,N/A,Kate in Hardwick Farms,https://www.lennar.com/new-homes/florida/jacksonville-st-augustine/jacksonville/hardwick-farms/hardwick-farms-classic-collection/kate
Future release,Coming Soon!,4.0,3.0,2088.0,N/A,Boone in Hardwick Farms,https://www.lennar.com/new-homes/florida/jacksonville-st-augustine/jacksonville/hardwick-farms/hardwick-farms-classic-collection/boone
Future release,Coming Soon!,3.0,2.5,1707.0,N/A,Lincoln in Hardwick Farms,https://www.lennar.com/new-homes/florida/jacksonville-st-augustine/jacksonville/hardwick-farms/hardwick-farms-townhome-collection/lincoln
Future release,Coming Soon!,3.0,2.5,1782.0,N/A,Truman in Hardwick Farms,https://www.lennar.com/new-homes/florida/jacksonville-st-augustine/jacksonville/hardwick-farms/hardwick-farms-townhome-collection/truman
Future release,From $355K,4.0,2.5,2512.0,N/A,SERENATA in Highland Chase,https://www.lennar.com/new-homes/florida/jacksonville-st-augustine/jacksonville/highland-chase/highland-chase-60s/serenata
Future release,From $350K,3.0,2.0,2268.0,N/A,PRINCETON in Highland Chase,https://www.lennar.com/new-homes/florida/jacksonville-st-augustine/jacksonville/highland-chase/highland-chase-60s/princeton
Future release,From $313K,3.0,2.0,2124.0,N/A,CHARLE in Longleaf,https://www.lennar.com/new-homes/florida/jacksonville-st-augustine/jacksonville/longleaf/longleaf-50s/charle
Future release,From $279K,3.0,2.0,1544.0,N/A,ELAN in Longleaf,https://www.lennar.com/new-homes/florida/jacksonville-st-augustine/jacksonville/longleaf/longleaf-50s/elan
Future release,From $292K,3.0,2.0,1712.0,N/A,HALLE in Longleaf,https://www.lennar.com/new-homes/florida/jacksonville-st-augustine/jacksonville/longleaf/longleaf-50s/halle
Future release,From $339K,4.0,3.0,2267.0,N/A,TIVOLI in Longleaf,https://www.lennar.com/new-homes/florida/jacksonville-st-augustine/jacksonville/longleaf/longleaf-60s/tivoli
Future release,From $289K,3.0,2.0,1712.0,N/A,HALLE in Saddle Oaks,https://www.lennar.com/new-homes/florida/jacksonville-st-augustine/jacksonville/saddle-oaks/saddle-oaks-50s/halle
Future release,From $307K,4.0,3.0,2028.0,N/A,TREVI in Saddle Oaks,https://www.lennar.com/new-homes/florida/jacksonville-st-augustine/jacksonville/saddle-oaks/saddle-oaks-50s/trevi
Future release,From $306K,3.0,2.0,2124.0,N/A,CHARLE in Saddle Oaks,https://www.lennar.com/new-homes/florida/jacksonville-st-augustine/jacksonville/saddle-oaks/saddle-oaks-50s/charle
Future release,From $329K,4.0,2.5,2358.0,N/A,BRIO in Saddle Oaks,https://www.lennar.com/new-homes/florida/jacksonville-st-augustine/jacksonville/saddle-oaks/saddle-oaks-50s/brio
Future release,From $333K,3.0,2.0,2268.0,N/A,Princeton in Saddle Oaks,https://www.lennar.com/new-homes/florida/jacksonville-st-augustine/jacksonville/saddle-oaks/saddle-oaks-60s/princeton
Future release,From $334K,4.0,3.0,2267.0,N/A,Tivoli in Saddle Oaks,https://www.lennar.com/new-homes/florida/jacksonville-st-augustine/jacksonville/saddle-oaks/saddle-oaks-60s/tivoli
Future release,From $359K,4.0,2.5,2512.0,N/A,Serenata in Saddle Oaks,https://www.lennar.com/new-homes/florida/jacksonville-st-augustine/jacksonville/saddle-oaks/saddle-oaks-60s/serenata
Future release,From $282K,3.0,2.0,1712.0,N/A,Halle in Seaton Creek,https://www.lennar.com/new-homes/florida/jacksonville-st-augustine/jacksonville/seaton-creek/seaton-creek-50s/halle
Future release,From $304K,4.0,3.0,2028.0,N/A,Trevi in Seaton Creek,https://www.lennar.com/new-homes/florida/jacksonville-st-augustine/jacksonville/seaton-creek/seaton-creek-50s/trevi
Future release,From $303K,3.0,2.0,2124.0,N/A,Charle in Seaton Creek,https://www.lennar.com/new-homes/florida/jacksonville-st-augustine/jacksonville/seaton-creek/seaton-creek-50s/charle
Future release,From $320K,4.0,2.5,2358.0,N/A,Brio in Seaton Creek,https://www.lennar.com/new-homes/florida/jacksonville-st-augustine/jacksonville/seaton-creek/seaton-creek-50s/brio
Future release,Coming Soon!,3.0,2.0,2268.0,N/A,Princeton in Seaton Creek,https://www.lennar.com/new-homes/florida/jacksonville-st-augustine/jacksonville/seaton-creek/seaton-creek-60s/princeton
Future release,Coming Soon!,4.0,3.0,2267.0,N/A,Tivoli in Seaton Creek,https://www.lennar.com/new-homes/florida/jacksonville-st-augustine/jacksonville/seaton-creek/seaton-creek-60s/tivoli
Future release,Coming Soon!,4.0,3.0,2657.0,N/A,Medallion in Seaton Creek,https://www.lennar.com/new-homes/florida/jacksonville-st-augustine/jacksonville/seaton-creek/seaton-creek-60s/medallion
Future release,From $319K,3.0,2.5,1707.0,N/A,Lincoln in Shearwater,https://www.lennar.com/new-homes/florida/jacksonville-st-augustine/st-augustine/shearwater/affordable-housing-townhomes/lincoln
Future release,From $319K,3.0,2.0,1494.0,N/A,Osprey in Shearwater,https://www.lennar.com/new-homes/florida/jacksonville-st-augustine/st-augustine/shearwater/shearwater-24ft-townhomes/osprey
Future release,From $354K,3.0,2.5,1799.0,N/A,Wigeon in Shearwater,https://www.lennar.com/new-homes/florida/jacksonville-st-augustine/st-augustine/shearwater/shearwater-24ft-townhomes/wigeon
Future release,From $347K,4.0,2.5,2005.0,N/A,Mallard in Shearwater,https://www.lennar.com/new-homes/florida/jacksonville-st-augustine/st-augustine/shearwater/shearwater-24ft-townhomes/mallard
Future release,From $319K,3.0,2.5,1707.0,N/A,Lincoln in Shearwater,https://www.lennar.com/new-homes/florida/jacksonville-st-augustine/st-augustine/shearwater/shearwater-townhomes/lincoln
Future release,From $517K,4.0,3.5,2663.0,N/A,SIERRA BONUS in SilverLeaf,https://www.lennar.com/new-homes/florida/jacksonville-st-augustine/st-augustine/silverleaf/silver-landing-53s/sierra-bonus
Future release,From $482K,4.0,2.5,2295.0,N/A,SIERRA in SilverLeaf,https://www.lennar.com/new-homes/florida/jacksonville-st-augustine/st-augustine/silverleaf/silver-landing-53s/sierra
Future release,From $440K,4.0,2.0,1868.0,N/A,SPIRIT in SilverLeaf,https://www.lennar.com/new-homes/florida/jacksonville-st-augustine/st-augustine/silverleaf/silver-landing-53s/spirit
Future release,From $631K,4.0,3.5,3004.0,N/A,PATRIOT in SilverLeaf,https://www.lennar.com/new-homes/florida/jacksonville-st-augustine/st-augustine/silverleaf/silver-landing-63s/patriot
Future release,From $586K,4.0,4.0,3152.0,N/A,MEDALLION BONUS in SilverLeaf,https://www.lennar.com/new-homes/florida/jacksonville-st-augustine/st-augustine/silverleaf/silver-landing-63s/medallion-bonus
Future release,From $571K,4.0,3.0,2683.0,N/A,KATALINA in SilverLeaf,https://www.lennar.com/new-homes/florida/jacksonville-st-augustine/st-augustine/silverleaf/silver-landing-63s/katalina
Future release,From $606K,4.0,4.0,3202.0,N/A,KATALINA BONUS in SilverLeaf,https://www.lennar.com/new-homes/florida/jacksonville-st-augustine/st-augustine/silverleaf/silver-landing-63s/katalina-bonus
Future release,From $312K,2.0,2.0,1503.0,N/A,Jessica in St Augustine Lakes,https://www.lennar.com/new-homes/florida/jacksonville-st-augustine/st-augustine/st-augustine-lakes/st-augustine-lakes-40s/jessica
Future release,From $325K,2.5,2.0,1714.0,N/A,Alexia in St Augustine Lakes,https://www.lennar.com/new-homes/florida/jacksonville-st-augustine/st-augustine/st-augustine-lakes/st-augustine-lakes-40s/alexia
Future release,From $335K,3.0,2.5,1875.0,N/A,Kate in St Augustine Lakes,https://www.lennar.com/new-homes/florida/jacksonville-st-augustine/st-augustine/st-augustine-lakes/st-augustine-lakes-40s/kate
Future release,From $339K,3.0,2.5,1951.0,N/A,Hailey in St Augustine Lakes,https://www.lennar.com/new-homes/florida/jacksonville-st-augustine/st-augustine/st-augustine-lakes/st-augustine-lakes-40s/hailey
Future release,From $349K,4.0,3.0,2088.0,N/A,Boone in St Augustine Lakes,https://www.lennar.com/new-homes/florida/jacksonville-st-augustine/st-augustine/st-augustine-lakes/st-augustine-lakes-40s/boone
Future release,From $372K,4.0,3.5,2260.0,N/A,Chloe in St Augustine Lakes,https://www.lennar.com/new-homes/florida/jacksonville-st-augustine/st-augustine/st-augustine-lakes/st-augustine-lakes-40s/chloe
Future release,From $335K,3.0,2.0,1712.0,N/A,HALLE in St Augustine Lakes,https://www.lennar.com/new-homes/florida/jacksonville-st-augustine/st-augustine/st-augustine-lakes/st-augustine-lakes-50s/halle
Future release,From $350K,4.0,3.0,2028.0,N/A,TREVI in St Augustine Lakes,https://www.lennar.com/new-homes/florida/jacksonville-st-augustine/st-augustine/st-augustine-lakes/st-augustine-lakes-50s/trevi
Future release,From $389K,4.0,2.5,2358.0,N/A,BRIO in St Augustine Lakes,https://www.lennar.com/new-homes/florida/jacksonville-st-augustine/st-augustine/st-augustine-lakes/st-augustine-lakes-50s/brio
Future release,From $380K,4.0,2.5,2295.0,N/A,Sierra in St Augustine Lakes,https://www.lennar.com/new-homes/florida/jacksonville-st-augustine/st-augustine/st-augustine-lakes/st-augustine-lakes-50s/sierra
Future release,From $389K,3.0,2.0,2124.0,N/A,CHARLE in Trailmark,https://www.lennar.com/new-homes/florida/jacksonville-st-augustine/st-augustine/trailmark/charle
Future release,From $416K,4.0,2.5,2358.0,N/A,BRIO in Trailmark,https://www.lennar.com/new-homes/florida/jacksonville-st-augustine/st-augustine/trailmark/brio
Future release,From $324K,3.0,2.0,1712.0,N/A,HALLE in Tributary,https://www.lennar.com/new-homes/florida/jacksonville-st-augustine/yulee/tributary/lakeview-at-tributary-50s/halle
Future release,From $352K,4.0,2.5,2295.0,N/A,SIERRA in Tributary,https://www.lennar.com/new-homes/florida/jacksonville-st-augustine/yulee/tributary/lakeview-at-tributary-50s/sierra
Future release,From $319K,2.0,2.0,1544.0,N/A,ELAN in Tributary,https://www.lennar.com/new-homes/florida/jacksonville-st-augustine/yulee/tributary/lakeview-at-tributary-50s/elan
Future release,From $409K,4.0,3.0,2657.0,N/A,MEDALLION in Tributary,https://www.lennar.com/new-homes/florida/jacksonville-st-augustine/yulee/tributary/lakeview-at-tributary-60s/medallion
Future release,From $449K,4.0,4.0,3152.0,N/A,MEDALLION BONUS in Tributary,https://www.lennar.com/new-homes/florida/jacksonville-st-augustine/yulee/tributary/lakeview-at-tributary-60s/medallion-bonus
Future release,From $386K,3.0,3.5,2259.0,N/A,LIVE-WORK-LEARN in Tributary,https://www.lennar.com/new-homes/florida/jacksonville-st-augustine/yulee/tributary/tributary-classic-collection/live-work-learn
Future release,From $480K,4.0,4.0,3152.0,N/A,MEDALLION BONUS in Tributary,https://www.lennar.com/new-homes/florida/jacksonville-st-augustine/yulee/tributary/tributary-imperial-collection/medallion-bonus
Future release,From $322K,3.0,2.0,1544.0,N/A,ELAN in Wexford Reserve,https://www.lennar.com/new-homes/florida/jacksonville-st-augustine/ormond-beach/wexford-reserve/wexford-reserve-50s/elan
Future release,From $357K,3.0,2.0,2124.0,N/A,CHARLE in Wexford Reserve,https://www.lennar.com/new-homes/florida/jacksonville-st-augustine/ormond-beach/wexford-reserve/wexford-reserve-50s/charle
Future release,From $377K,4.0,2.5,2358.0,N/A,BRIO in Wexford Reserve,https://www.lennar.com/new-homes/florida/jacksonville-st-augustine/ormond-beach/wexford-reserve/wexford-reserve-50s/brio
Future release,From $407K,3.0,2.0,2268.0,N/A,PRINCETON in Wexford Reserve,https://www.lennar.com/new-homes/florida/jacksonville-st-augustine/ormond-beach/wexford-reserve/wexford-reserve-60s/princeton
Future release,From $434K,4.0,3.0,2657.0,N/A,MEDALLION in Wexford Reserve,https://www.lennar.com/new-homes/florida/jacksonville-st-augustine/ormond-beach/wexford-reserve/wexford-reserve-60s/medallion
Future release,From $424K,4.0,3.0,2404.0,N/A,BARTON in Wexford Reserve,https://www.lennar.com/new-homes/florida/jacksonville-st-augustine/ormond-beach/wexford-reserve/wexford-reserve-60s/barton
